
#        south                    east                top
#   1    2    3    4       4   20   36   52     49   50   51   52
#
#   5    6    7    8       8   24   40   56     33   34   35   36
#
#   9   10   11   12      12   28   44   60     17   18   19   20
#
#  13   14   15   16      16   32   48   64      1    2    3    4
#
# +++++++++++++++++++    -------------------   +++++++++++++++++++
#  +0  +16  +32  +48       0    1    2    3      0    4    8   12
# -------------------    +++++++++++++++++++   -------------------
#        north                  west                 bottom
#  52   51   50   49      49   33   17    1     13   14   15   16
#
#  56   55   54   53      53   37   21    5     29   30   31   32
#
#  60   59   58   57      57   41   25    9     45   46   47   48
#
#  64   63   62   61      61   45   29   13     61   62   63   64

# south
 1  3  7  5
13  5  6 14
16 14 10 12
 4 12 11  3

# south inner
 6 22 26 10
 7 23 22  6
11 27 23 7
10 26 27 11

# east
 4 36 40  8
16  8 24 32
64 32 28 60
52 60 44 36

# east inner
24 23 27 28
40 39 23 24
44 43 39 40
28 27 43 44

# north
52 50 54 56
56 55 63 64
61 63 59 57
49 57 58 50

# north inner
55 39 43 59
54 38 39 55
58 42 38 54
59 43 42 58

# west
49 17 21 53
61 53 37 45
13 45 41  9
 1  9 25 17

# west inner
37 38 42 41
21 22 38 37
25 26 22 21
41 42 26 25

# top
49 51 35 33
 1 33 34  2
 4  2 18 20
52 20 19 51

# top inner
34 38 22 18
35 39 38 34
19 23 39 35
18 22 23 19

# bottom
13 15 31 29
61 29 30 62
64 62 46 48
16 48 47 15

# bottom inner
30 26 42 46
31 27 26 30
47 43 27 31
46 42 43 47

